    PID     TID PSR STAT %CPU
   5512    5512  47 Rsl  98.5
   5512    6723  45 Rsl  95.9
   5512    6724  41 Rsl  98.1
   5512    6725  63 Rsl  97.9
   5512    6726  28 Rsl  97.7
   5512    6727  18 Rsl  96.3
   5512    6728   0 Rsl  95.0
   5512    6729  58 Rsl  94.1
   5512    6730  56 Rsl  96.2
   5512    6731  59 Rsl  96.2
   5512    6732  62 Rsl  94.9
   5512    6733  42 Rsl  96.6
   5512    6734   2 Rsl  98.6
   5512    6735   8 Rsl  94.0
   5512    6736  11 Rsl  95.7
   5512    6737  15 Rsl  98.8
   5512    6738  26 Rsl  99.2
   5512    6739  51 Rsl  98.1
   5512    6740  24 Rsl  98.2
   5512    6741  61 Rsl  95.0
   5512    6742  44 Rsl  96.6
   5512    6743  23 Rsl  98.2
   5512    6744  13 Rsl  98.3
   5512    6745  22 Rsl  99.3
   5512    6746  36 Rsl  95.9
   5512    6747   4 Rsl  97.6
   5512    6748  31 Rsl  98.6
   5512    6749  29 Rsl  99.1
   5512    6750  10 Rsl  99.0
   5512    6751  34 Rsl  97.0
   5512    6752  30 Rsl  99.5
   5512    6753  43 Rsl  95.0
   5512    6754  17 Rsl  98.1
   5512    6755  48 Rsl  96.4
   5512    6756  25 Rsl  98.3
   5512    6757   6 Rsl  98.5
   5512    6758  38 Rsl  95.3
   5512    6759  16 Rsl  98.1
   5512    6760  33 Rsl  96.7
   5512    6761  20 Rsl  98.0
   5512    6762  14 Rsl  95.0
   5512    6763  60 Rsl  94.8
   5512    6764  35 Rsl  98.0
   5512    6765  57 Rsl  97.7
   5512    6766  55 Rsl  94.8
   5512    6767  50 Rsl  98.7
   5512    6768  32 Rsl  98.1
   5512    6769   9 Rsl  98.3
   5512    6770  40 Rsl  95.1
   5512    6771  54 Rsl  94.2
   5512    6772  12 Rsl  98.2
   5512    6773  46 Rsl  97.9
   5512    6774  49 Rsl  96.3
   5512    6775  21 Rsl  95.7
   5512    6776  37 Rsl  96.6
   5512    6777   3 Rsl  99.8
   5512    6778   5 Rsl  95.4
   5512    6779  52 Rsl  95.6
   5512    6780  60 Rsl  98.4
   5512    6781  27 Rsl  97.8
   5512    6782  39 Rsl  95.4
   5512    6783  53 Rsl  98.2
   5512    6784  19 Rsl  99.3
   5512    6785   7 Rsl  98.4
